000000000000000000000000000000
0      P  00000000000000000000
0 0000000D   D    D          0
0 0000    00 000000 00000000 0
0 0000 00000 000000 00000 P  0
0      00000 000000 00000 0000
0D00 0000000D000000 00000 0000
0 00 0000000 0000         0000
0 00 0000000 0000 000000000000
0 00   P       00 000000000000
0 00D000000000000 000000000000
0 00 000         D    D   P  S
0 00 000D000000000000D00000000
0 00 000P000000000000 00000000
0        000000000000P00000000
0 000000000       00  00000000
0 000000000 00000 000D00000000
0     P     00000 000 00000000
00000000000000000     00000000
000000000000000000000000000000
